0.0386    129.2885
0.1120    128.6009
0.1854    127.8959
0.2588    127.1319
0.3311    126.3983
0.4055    125.7771
0.4789    125.1416
0.5523    124.4064
0.6257    123.7580
0.6991    123.0345
0.7725    122.3356
0.8458    121.6540
0.9192    120.8875
0.9903    120.2557
1.0752    119.3882
1.1486    118.6647
1.2219    118.0371
1.2953    117.3763
1.3687    116.7285
1.4421    116.0695
1.5155    115.3572
1.5888    114.5895
1.6611    114.0230
1.7356    113.2458
1.8090    112.5605
1.8804    111.8919
1.9535    111.2383
2.0291    110.4024
2.1135    109.6212
2.1759    109.0325
2.2493    108.2063
2.3227    107.5099
2.3961    106.8233
2.4695    105.9672
2.5429    105.2880
2.6162    104.7304
2.6896    104.0328
2.7630    103.2024
2.8364    102.5085
2.9102    101.7627
2.9832    101.0653
3.0474    100.3366
3.1611    99.2281
3.2400    98.5388
3.3171    97.7032
3.3979    96.8986
3.4778    96.0767
3.5565    95.3264
3.6299    94.5538
3.7039    93.8341
3.7765    93.0519
3.8428    92.4345
3.9212    91.6167
3.9961    90.7977
4.0695    90.0370
4.1436    89.1967
4.2147    88.4919
4.2950    87.6265
4.3684    86.8625
4.4418    86.0543
4.5152    85.2645
4.5886    84.4876
4.6631    83.6724
4.7354    82.8287
4.8088    82.0168
4.8822    81.3118
4.9556    80.4729
5.0290    79.7752
5.1024    78.8872
5.1758    77.9794
5.2492    77.1701
5.3226    76.3150
5.3960    75.5050
5.4694    74.6101
5.5428    73.7392
5.6162    72.8167
5.6896    71.8703
5.7630    70.9707
5.8364    70.0649
5.9098    69.1698
5.9833    68.2338
6.0567    67.3039
6.1301    66.3482
6.2035    65.4250
6.2769    64.4804
6.3503    63.4173
6.4238    62.4052
6.4972    61.3782
6.5706    60.3117
6.6440    59.4349
6.7175    58.3645
6.7909    57.4523
6.8643    56.2386
6.9377    55.1753
7.0112    54.0549
7.0846    53.0007
7.1580    51.9448
7.2315    50.7516
7.3049    49.6561
7.3784    48.3940
7.4518    47.2441
7.5253    45.9824
7.5987    44.7706
7.6722    43.5412
7.7442    42.3255
7.8191    41.0204
7.8925    39.6485
7.9660    38.3672
8.0395    36.9446
8.1130    35.4147
8.1865    33.8305
8.2599    32.2640
8.3289    30.5817
8.3955    28.7667
8.4622    26.9239
8.5243    25.0567
8.5910    22.6708
8.6454    20.8137
8.6992    18.0226
8.7453    16.1268
8.7982    14.0935
8.8534    12.2045
8.9109    10.3563
8.9795    8.6890
9.0509    7.8173
9.1243    7.1214
9.1977    6.7431
9.2710    6.5519
9.3443    6.4732
9.4176    6.4543
9.4909    6.4107
9.5642    6.3877
9.6375    6.3904
9.6810    6.3945
