0.0129    95.1065
0.0866    93.2999
0.1603    91.6280
0.2345    89.7344
0.3077    87.7899
0.3791    85.9285
0.4505    84.0988
0.5242    82.0580
0.5959    80.3177
0.6647    78.4760
0.7315    76.7093
0.8029    75.0048
0.8697    73.2667
0.9387    71.3738
1.0124    69.5908
1.0861    67.6441
1.1598    65.7701
1.2335    64.0357
1.3003    62.3447
1.3654    60.6569
1.4408    58.7774
1.5145    56.9585
1.5882    55.0869
1.6617    53.3121
1.7354    51.5542
1.8098    49.8305
1.8807    47.9443
1.9521    46.3316
2.0189    44.7140
2.0949    42.7967
2.1686    41.0972
2.2455    39.4582
2.3137    37.7692
2.3850    36.0649
2.4587    34.4530
2.5324    32.8019
2.6061    31.0074
2.6798    29.4164
2.7535    27.9184
2.8265    26.4091
2.9016    25.3864
2.9746    23.2738
3.0483    21.7782
3.1220    20.3613
3.1934    19.0861
3.2694    17.6811
3.3431    16.3987
3.4168    15.1309
3.4905    13.9355
3.5642    12.8490
3.6379    11.9304
3.7116    10.8354
3.7859    10.0894
3.8590    9.3159
3.9327    8.7115
4.0059    8.0003
4.0801    7.4731
4.1538    7.0065
4.2275    6.5031
4.3012    6.1430
4.3749    5.9188
4.4486    5.6689
4.5223    5.5146
4.5960    5.3566
4.6697    5.2758
4.7433    5.2243
4.8170    5.1464
4.8907    5.3933
4.9644    5.2280
5.0381    5.1545
5.1118    5.1288
5.1851    5.0881
5.2592    5.0994
5.3329    5.1324
5.4066    5.1141
5.4803    5.1178
5.5520    5.1351
5.6277    5.1324
5.7014    5.1251
5.7751    5.1104
5.8488    5.0847
5.9225    5.1876
5.9973    5.0730
6.0699    5.0663
6.1436    5.0994
6.2173    5.0957
6.2910    5.1141
6.3647    5.0749
6.4384    5.0810
6.5121    5.0406
6.5858    5.0271
6.6595    5.0210
6.7312    5.0192
6.8069    5.0296
6.8806    5.0112
6.9543    5.2822
7.0280    4.9328
7.1017    4.9193
7.1753    4.8777
7.2490    4.9083
7.3227    4.9010
7.3964    4.9120
7.4701    4.8936
7.5434    4.8464
7.6175    4.8605
7.6912    4.8532
7.7649    4.8128
7.8386    4.8054
7.9123    4.8471
7.9860    5.0002
8.0597    4.8311
8.1334    4.7576
8.2071    4.7650
8.2808    4.7496
8.3556    4.8426
8.4282    4.9928
8.5019    5.0514
8.5756    5.0417
8.6493    5.0146
8.7230    5.1870
8.7967    5.1692
8.8704    5.1256
8.9488    4.9272
9.0120    4.8286
9.0915    4.9754
9.1652    4.9628
9.2389    4.9519
9.3126    4.9493
9.3863    4.9276
9.4600    4.9507
9.5083    5.1620
