1.0590    1.8985
1.3803    1.9099
1.9452    2.0460
2.3269    2.1196
2.8996    2.2373
3.4995    1.8841
3.9467    1.8841
4.2903    2.0018
5.0060    1.8693
5.5619    1.8319
5.9491    1.9416
6.4035    2.3352
6.8398    3.1315
7.2625    4.6865
7.6443    6.6665
8.0396    8.3346
8.4759    8.9822
8.9131    8.6155
9.3485    7.3079
9.7848    6.3512
10.2211    6.1746
10.6165    7.1183
10.9164    8.9573
11.1482    10.6624
11.2982    12.7395
11.5027    14.6275
11.6391    16.3572
11.7709    18.1687
11.9254    20.2765
12.0481    22.4301
12.1591    24.3335
12.2643    26.4748
12.4071    28.8609
12.5298    31.0973
12.6616    33.3309
12.9379    35.6892
13.2555    35.6469
13.4388    33.4853
13.5124    31.4708
13.6615    29.0190
13.7679    26.6033
13.8965    24.3155
14.0023    22.1676
14.0932    20.3153
14.2050    18.3271
14.3522    16.3831
14.5295    14.4760
14.8567    12.7465
15.2930    12.6604
15.6490    14.4666
15.8029    16.2143
16.0096    18.5588
16.1292    20.3318
16.2883    22.3885
16.4004    24.4840
16.5201    26.5594
16.6291    28.8371
16.7285    31.0720
16.8937    34.8463
16.8200    32.7481
17.0245    37.3171
17.1784    41.8289
17.0927    39.0343
17.3284    44.9181
17.4452    47.3237
17.5290    49.2178
17.6017    51.0855
17.7471    53.3269
18.0353    55.2622
18.4455    52.0928
18.3198    54.3861
18.6178    49.0729
18.7385    46.0531
18.8515    43.2204
18.9651    40.4361
19.0424    38.2493
19.1281    36.1590
19.2378    33.8729
19.3287    32.1626
19.4569    30.1089
19.6150    28.0990
19.8604    26.0390
20.2286    24.8859
20.6103    25.5789
20.8772    27.4696
21.0466    29.3240
21.2117    31.4962
21.3466    33.8199
21.4576    35.7614
21.5693    37.8825
21.7517    41.9975
21.6601    39.7016
21.8939    44.7347
21.9874    46.8648
22.0828    49.2080
22.1782    51.3427
22.2484    53.4600
22.3419    55.4604
22.4353    57.5677
22.5210    59.5140
22.6520    61.6740
22.7986    63.6933
23.0917    66.2298
23.4326    65.8684
23.6235    63.8208
23.7325    61.8035
23.9098    59.2959
24.0643    56.8245
24.1961    54.9895
24.4052    51.8574
24.2779    53.8120
24.6597    49.1459
24.8914    47.2769
25.2459    45.3579
25.6822    44.3000
26.0367    45.0208
26.2685    47.0971
26.4633    49.2780
26.6162    51.2166
26.7320    53.2290
26.8820    55.2692
26.9911    57.3677
27.1240    59.5538
27.2532    61.7668
27.3787    63.9795
27.4956    65.8247
27.6455    68.4594
27.8637    71.1125
28.1364    73.3586
28.5181    74.6281
28.9544    74.3521
29.3907    72.7294
29.8224    70.8285
30.2360    68.9305
30.6723    67.5741
31.1086    67.5717
31.4495    69.0583
31.6949    71.0258
31.9266    73.1495
32.1039    74.7812
32.3649    77.8059
32.6493    80.5718
32.8401    82.5810
33.0310    84.3079
33.2492    86.1345
33.5491    88.2314
33.9309    90.1804
34.3535    91.7324
34.7898    92.5477
35.2261    92.8721
35.6624    92.9935
36.0987    93.6080
36.5214    95.1150
36.9031    97.1201
37.2303    98.9459
37.5030    100.8174
37.7757    102.8767
38.0347    104.9057
38.2911    106.8999
38.5256    108.8907
38.8255    110.9051
39.1193    112.9023
39.4118    115.1993
39.7935    117.1799
40.1889    119.1378
40.5980    121.0050
41.0240    122.9563
41.3615    124.5784
41.7296    126.7075
42.0704    128.5395
42.3840    130.4017
42.6703    132.3312
42.9158    134.1926
43.1339    135.8621
43.3793    137.8182
43.6520    139.9489
43.8974    141.8912
44.1292    143.6808
44.3610    145.5618
44.6064    147.5316
44.8518    149.4843
45.0836    151.3945
45.4108    153.3217
45.4790    154.9860
