-0.0191    0.0873
0.4913    0.1407
0.8845    0.1759
1.2336    0.2717
1.5762    0.2355
1.9188    0.1834
2.2614    0.2503
2.6040    0.0944
2.9466    0.1279
3.2892    0.1241
3.6318    0.2258
3.9745    0.1515
4.3171    0.1221
4.6604    0.1892
5.0023    0.2231
5.3309    0.1483
5.6875    0.5181
6.0301    1.4066
6.3192    2.9129
6.5992    4.9567
6.9056    6.7410
7.2186    8.9114
7.5505    10.6601
7.8939    11.6033
8.2839    11.4395
8.6211    10.1048
8.9759    8.6492
9.3327    7.8519
9.6682    7.8480
10.0130    8.4198
10.2913    10.1916
10.4841    12.1102
10.6554    14.3073
10.8267    16.3179
10.9873    18.2768
11.1050    20.3624
11.2228    22.6901
11.3406    24.7578
11.4343    27.0329
11.5593    29.8318
11.6682    32.5325
11.7474    34.4614
11.8188    36.4191
11.8995    38.5078
12.0499    41.9347
12.1596    44.2292
12.2464    45.8222
12.4112    47.9842
12.6896    48.8715
12.9252    46.8384
13.0322    44.2150
13.1041    41.6770
13.2035    39.3476
13.2479    37.4390
13.3427    34.6163
13.4241    32.4055
13.4834    29.8645
13.5890    27.4723
13.6496    25.2701
13.7496    23.5135
13.8052    21.1338
13.9102    19.3539
14.0279    17.1229
14.1350    15.1310
14.3331    13.1102
14.7506    12.6483
15.0558    13.2589
15.1521    15.7389
15.2806    17.8377
15.4198    20.3080
15.5340    22.4389
15.6268    24.8280
15.7502    26.5017
15.8352    28.6703
15.9251    30.5518
16.0194    32.9377
16.0836    34.9277
16.1621    36.9308
16.2228    39.3530
16.3063    41.4552
16.3406    43.5135
16.4155    45.1636
16.4797    47.8482
16.5654    50.2649
16.6104    52.8107
16.7046    55.1610
16.7474    57.3227
16.8117    59.9591
16.8973    62.6185
16.9401    64.7188
17.0365    67.3679
17.1176    69.9534
17.2185    72.7024
17.2935    75.3082
17.4027    77.5207
17.6296    78.8187
17.8502    76.1816
17.9430    73.4305
18.0465    71.0562
18.0964    69.8347
18.1750    67.3908
18.2196    64.9615
18.2785    63.0774
18.3695    60.4820
18.3998    58.3055
18.4605    56.0502
18.5247    53.4838
18.5675    50.7309
18.6318    48.4040
18.6899    45.6316
18.7745    42.7888
18.8423    39.9919
18.9316    37.3885
18.9851    35.4789
19.1029    32.8475
19.2313    29.8605
19.3919    27.3862
19.5648    25.4330
19.9237    23.9215
20.2292    24.7763
20.3877    26.9062
20.5697    29.7950
20.6703    31.9886
20.7969    34.3678
20.8802    36.8048
20.9658    38.8092
21.0086    40.6247
21.1341    43.6729
21.0943    42.1758
21.2370    46.5978
21.2763    48.5246
21.3298    50.7277
21.4185    54.1391
21.4904    56.8745
21.5470    59.5647
21.6082    61.9925
21.6767    65.1326
21.6510    63.3540
21.7635    68.3153
21.8309    70.4723
21.8909    72.9377
21.9562    75.3254
22.0408    78.4036
22.0900    80.5953
22.1435    82.5024
22.2185    85.2517
22.3320    88.2566
22.3791    90.0394
22.5076    92.8015
22.6860    94.9859
23.0215    93.6431
23.1143    91.5944
23.1928    89.5286
23.2463    87.5587
23.3141    85.5645
23.3855    83.6053
23.4497    80.6815
23.5193    78.8231
23.5943    76.1698
23.6603    73.4791
23.7465    70.5875
23.8387    67.6369
23.8994    65.9001
23.9851    63.5537
24.0547    61.4697
24.1457    59.3475
24.1992    57.2226
24.3154    54.2419
24.4305    51.8780
24.5632    49.8646
24.6971    47.6582
24.8694    45.7333
25.1414    44.0779
25.5825    44.2134
25.7881    46.0127
25.9015    47.8644
26.0193    50.5155
26.1264    51.8603
26.2249    54.6172
26.2602    56.7476
26.3619    58.6479
26.4305    60.7790
26.5332    63.9833
26.6510    67.2625
26.7168    70.3583
26.8758    75.2076
26.8223    72.5076
26.9776    78.1102
27.0043    79.9281
27.0971    81.9141
27.1328    84.0458
27.2256    86.3609
27.2784    88.4777
27.3469    89.9183
27.4326    92.1732
27.5289    94.9284
27.6146    96.6821
27.7431    98.5745
27.9615    100.2829
28.2820    99.9916
28.5216    97.4104
28.6638    95.6389
28.8030    93.4831
28.9101    91.3053
29.0000    89.4228
29.1242    87.0842
29.2741    84.2009
29.4026    82.1533
29.5311    80.1407
29.6596    77.9969
29.8982    74.5893
30.0771    72.3764
30.2886    70.2132
30.5396    68.1897
30.8556    67.6926
31.1799    70.0082
31.3512    72.3392
31.4840    74.4176
31.6296    76.4250
31.6938    78.4574
31.7848    80.1903
31.9079    82.6811
32.0043    84.6192
32.1221    87.5040
32.2677    90.5709
32.4133    94.1949
32.5161    96.5265
32.6610    99.0916
32.8287    101.5690
32.9750    103.4083
33.1254    105.5857
33.3069    107.7407
33.5264    109.0455
33.8972    109.3253
34.2039    108.2944
34.5437    106.3192
34.7651    104.6042
35.0557    102.1668
35.3255    99.6486
35.5672    97.6233
35.9040    95.9644
36.2563    95.9994
36.5617    98.0084
36.7794    99.8908
37.0709    103.3561
37.2612    105.7277
37.4240    107.9522
37.5789    109.9778
37.7145    112.0252
37.8769    114.2726
38.0562    116.4311
38.2320    118.3537
38.4068    120.2282
38.6245    122.2593
38.8906    124.3067
39.2181    126.1632
39.6019    127.5574
39.9179    128.0522
40.2790    128.0707
40.6302    127.5836
40.9764    126.9082
41.3155    127.0927
41.6708    128.0525
42.0321    129.6323
42.3206    131.1668
42.5997    133.1247
42.8629    135.2218
43.0761    137.3237
43.2890    139.2702
43.5061    141.0355
43.6959    143.1628
43.8993    144.8924
44.1670    146.9448
44.4366    149.1783
44.6809    151.1804
44.9683    152.9051
